0.7281391385235667 , a=0.1
0.7514192326236672, a=0.5
0.7257165504636709, a=0.01
VALID: 0.7220186225103493, TEST 0.7181098019211144 a=0.05
0.7514192361041534, a=1

NF=10
VALID: 0.7334823128976149
TEST: 0.7233992650139375
NF=2
VALID: 0.7316013353892108
TEST: 0.7273550665271681